0.8516929149627686,0.7939713001251221,0.7939713001251221,1.3528962135314941,1.3896293640136719,1.3896293640136719,2.0131711959838867,2.0131711959838867,2.0131711959838867,2.0131711959838867,2.0131711959838867,2.0131711959838867,2.0131711959838867,2.0131711959838867,2.0131711959838867,2.0131711959838867,2.0131711959838867,2.0131711959838867,2.0131711959838867,2.0131711959838867,2.0131711959838867
0,0,0,0,0,0,0,0,0,0,0,0,0,0,0,0,0,0,0,0,0
0.542391300201416,0.7754647731781006,0.7754647731781006,0.7754647731781006,0.7754647731781006,0.7429802417755127,0.7429802417755127,0.7429802417755127,0.7429802417755127,0.7429802417755127,0.7429802417755127,0.7429802417755127,0.7429802417755127,0.7429802417755127,0.7429802417755127,0.7429802417755127,0.7429802417755127,0.7429802417755127,0.7429802417755127,0.7429802417755127,0.7429802417755127
0.5220515727996826,0.5220515727996826,0.9366967678070068,0.9366967678070068,0.9366967678070068,2.2308857440948486,2.2308857440948486,2.2308857440948486,2.2308857440948486,2.2308857440948486,2.2308857440948486,2.060987710952759,2.060987710952759,2.060987710952759,2.060987710952759,2.060987710952759,2.060987710952759,2.060987710952759,2.060987710952759,2.060987710952759,2.060987710952759
0.7458763122558594,0.7458763122558594,0.7458763122558594,0.7458763122558594,0.7458763122558594,0.7458763122558594,0.7458763122558594,0.7458763122558594,0.7458763122558594,0.7458763122558594,0.7458763122558594,0.7458763122558594,0.7458763122558594,0.7458763122558594,0.7458763122558594,0.7458763122558594,0.7458763122558594,0.7458763122558594,0.7458763122558594,0.7458763122558594,0.7458763122558594
1.7679376602172852,1.7679376602172852,1.7679376602172852,1.6173465251922607,1.6173465251922607,0.9580795764923096,0.9580795764923096,0.9580795764923096,0.9580795764923096,0.9580795764923096,0.9580795764923096,0.9580795764923096,0.9580795764923096,0.9580795764923096,0.9580795764923096,0.9580795764923096,0.9580795764923096,0.9580795764923096,0.9580795764923096,0.9580795764923096,0.9580795764923096
0.8507833480834961,0.7047793865203857,0.6663084030151367,0.6663084030151367,0.6663084030151367,0.6663084030151367,0.6663084030151367,0.6663084030151367,0.6663084030151367,0.6663084030151367,0.6663084030151367,0.6663084030151367,0.6663084030151367,0.6663084030151367,0.6663084030151367,0.6663084030151367,0.6663084030151367,0.6663084030151367,0.6663084030151367,0.6663084030151367,0.6663084030151367
0.6106388568878174,0.716547966003418,0.716547966003418,0.716547966003418,0.716547966003418,0.716547966003418,0.716547966003418,1.5022175312042236,1.5022175312042236,1.5022175312042236,1.5022175312042236,1.5022175312042236,1.5022175312042236,1.5022175312042236,1.5022175312042236,1.5022175312042236,1.5022175312042236,1.5022175312042236,1.5022175312042236,1.5022175312042236,1.5022175312042236
0.5977339744567871,0.5977339744567871,0.5977339744567871,0.5977339744567871,0.5977339744567871,1.77211594581604,1.77211594581604,1.77211594581604,1.77211594581604,1.77211594581604,1.77211594581604,1.77211594581604,1.77211594581604,1.77211594581604,1.77211594581604,1.77211594581604,1.77211594581604,1.77211594581604,1.77211594581604,1.77211594581604,1.77211594581604
0.46940064430236816,0.46940064430236816,1.082972764968872,1.082972764968872,0.859799861907959,0.859799861907959,0.859799861907959,0.859799861907959,0.859799861907959,0.859799861907959,0.859799861907959,0.859799861907959,0.859799861907959,0.859799861907959,0.859799861907959,0.859799861907959,0.859799861907959,0.859799861907959,0.859799861907959,0.859799861907959,0.859799861907959
0.5792417526245117,0.6781020164489746,0.6781020164489746,0.6781020164489746,0.6781020164489746,0.9773843288421631,1.4615685939788818,1.4615685939788818,1.4615685939788818,1.4615685939788818,1.4615685939788818,1.4615685939788818,1.4615685939788818,1.4615685939788818,1.4615685939788818,1.4615685939788818,1.4615685939788818,1.4615685939788818,1.4615685939788818,1.4615685939788818,1.4615685939788818
0.9064304828643799,0.932997465133667,0.6592040061950684,0.6592040061950684,0.6592040061950684,0.6592040061950684,0.6592040061950684,0.6592040061950684,0.6592040061950684,0.6592040061950684,0.6592040061950684,0.6592040061950684,0.6592040061950684,0.6592040061950684,0.6592040061950684,0.6592040061950684,0.6592040061950684,0.6592040061950684,0.6592040061950684,0.6592040061950684,0.6592040061950684
0.5402348041534424,0.5402348041534424,0.5402348041534424,0.5402348041534424,0.5402348041534424,0.5402348041534424,0.5402348041534424,0.5402348041534424,0.5402348041534424,0.5402348041534424,0.5402348041534424,0.5402348041534424,0.5402348041534424,0.5402348041534424,0.5402348041534424,0.5402348041534424,0.5402348041534424,0.5402348041534424,0.5402348041534424,0.5402348041534424,0.5402348041534424
0.6776149272918701,1.269787073135376,1.269787073135376,1.269787073135376,1.269787073135376,1.269787073135376,1.269787073135376,1.269787073135376,1.269787073135376,1.269787073135376,1.269787073135376,1.269787073135376,1.269787073135376,1.269787073135376,1.269787073135376,1.269787073135376,1.269787073135376,1.269787073135376,1.269787073135376,1.269787073135376,1.269787073135376
0.6834249496459961,0.6834249496459961,0.6834249496459961,0.6834249496459961,0.6834249496459961,0.6834249496459961,0.6834249496459961,0.6834249496459961,0.6834249496459961,0.6834249496459961,0.6834249496459961,0.6834249496459961,0.6834249496459961,0.6834249496459961,0.6834249496459961,0.6834249496459961,0.6834249496459961,0.6834249496459961,0.6834249496459961,0.6834249496459961,0.6834249496459961
0.4687631130218506,0.4687631130218506,0.4687631130218506,0.4687631130218506,1.428067922592163,1.428067922592163,1.5267679691314697,1.5267679691314697,2.6410465240478516,2.6410465240478516,2.6410465240478516,2.6410465240478516,2.6410465240478516,2.6410465240478516,2.6410465240478516,2.6410465240478516,2.6410465240478516,2.6410465240478516,2.6410465240478516,2.6410465240478516,2.6410465240478516
0.638176679611206,0.638176679611206,0.638176679611206,0.638176679611206,0.638176679611206,0.638176679611206,0.638176679611206,0.638176679611206,0.638176679611206,0.638176679611206,0.638176679611206,0.638176679611206,0.638176679611206,0.638176679611206,0.638176679611206,0.638176679611206,0.638176679611206,0.638176679611206,0.638176679611206,0.638176679611206,0.638176679611206
0.49648332595825195,0.6757552623748779,0.6757552623748779,0.6757552623748779,0.6757552623748779,0.6757552623748779,0.6757552623748779,0.6757552623748779,0.6757552623748779,0.6757552623748779,0.6757552623748779,0.6757552623748779,0.6757552623748779,0.6757552623748779,0.6757552623748779,0.6757552623748779,0.6757552623748779,0.6757552623748779,0.6757552623748779,0.6757552623748779,0.6757552623748779
0.5217444896697998,0.727921724319458,1.2137460708618164,1.2137460708618164,1.6850285530090332,1.3076038360595703,1.3076038360595703,1.3076038360595703,1.3076038360595703,1.3076038360595703,1.3076038360595703,1.3076038360595703,1.3076038360595703,1.3076038360595703,1.3076038360595703,1.3076038360595703,1.3076038360595703,1.3076038360595703,1.3076038360595703,1.3076038360595703,1.3076038360595703
0.5836384296417236,0.5836384296417236,0.8854122161865234,1.0168733596801758,1.4201288223266602,1.4201288223266602,1.4201288223266602,1.4201288223266602,1.4201288223266602,1.4201288223266602,1.4201288223266602,1.4201288223266602,1.4201288223266602,1.4201288223266602,1.4201288223266602,1.4201288223266602,1.4201288223266602,1.4201288223266602,1.4201288223266602,1.4201288223266602,1.4201288223266602
0.6611642837524414,1.2719762325286865,1.0131382942199707,1.0131382942199707,1.0131382942199707,1.0131382942199707,1.0131382942199707,1.0131382942199707,1.0131382942199707,1.0131382942199707,1.0131382942199707,1.0131382942199707,1.0131382942199707,1.0131382942199707,1.0131382942199707,1.0131382942199707,1.0131382942199707,1.0131382942199707,1.0131382942199707,1.0131382942199707,1.0131382942199707
0.34094858169555664,0.34094858169555664,0.34094858169555664,0.34094858169555664,0.34094858169555664,0.34094858169555664,0.34094858169555664,0.34094858169555664,0.34094858169555664,0.34094858169555664,0.34094858169555664,0.34094858169555664,0.34094858169555664,0.34094858169555664,0.34094858169555664,0.34094858169555664,0.34094858169555664,0.34094858169555664,0.34094858169555664,0.34094858169555664,0.34094858169555664
1.7303898334503174,1.6842856407165527,1.4464030265808105,1.8153023719787598,1.8153023719787598,1.8153023719787598,1.8153023719787598,1.8153023719787598,1.8153023719787598,1.8153023719787598,1.8153023719787598,1.8153023719787598,1.8153023719787598,1.8153023719787598,1.8153023719787598,1.8153023719787598,1.8153023719787598,1.8153023719787598,1.8153023719787598,1.8153023719787598,1.8153023719787598
0.47087883949279785,0.47087883949279785,1.4415223598480225,1.4415223598480225,1.4415223598480225,1.4415223598480225,1.4415223598480225,1.4415223598480225,1.4415223598480225,1.4415223598480225,1.4415223598480225,1.4415223598480225,1.4415223598480225,1.4415223598480225,1.4415223598480225,1.4415223598480225,1.4415223598480225,1.4415223598480225,1.4415223598480225,1.4415223598480225,1.4415223598480225
0.6618146896362305,0.6618146896362305,0.9167885780334473,0.9167885780334473,1.4595537185668945,2.7901461124420166,2.7901461124420166,2.7901461124420166,2.7901461124420166,2.7901461124420166,2.7901461124420166,2.7901461124420166,2.7901461124420166,2.7901461124420166,2.7901461124420166,2.7901461124420166,2.7901461124420166,2.7901461124420166,2.7901461124420166,2.7901461124420166,2.7901461124420166
0.5162787437438965,1.6854519844055176,1.6854519844055176,1.6854519844055176,1.6854519844055176,1.6854519844055176,1.6854519844055176,1.6854519844055176,1.6854519844055176,1.6854519844055176,1.6854519844055176,1.6854519844055176,1.6854519844055176,1.6854519844055176,1.6854519844055176,1.6854519844055176,1.6854519844055176,1.6854519844055176,1.6854519844055176,1.6854519844055176,1.6854519844055176
0.5554888248443604,0.6877388954162598,1.1767306327819824,1.67169189453125,1.67169189453125,1.67169189453125,1.67169189453125,1.67169189453125,1.67169189453125,1.67169189453125,1.67169189453125,1.67169189453125,1.67169189453125,1.67169189453125,1.67169189453125,1.67169189453125,1.67169189453125,1.67169189453125,1.67169189453125,1.67169189453125,1.67169189453125
0.682560920715332,0.8483672142028809,0.8483672142028809,1.343595266342163,0.9338736534118652,0.9338736534118652,0.9338736534118652,0.9338736534118652,0.9338736534118652,0.9338736534118652,0.9338736534118652,0.9338736534118652,0.9338736534118652,0.9338736534118652,0.9338736534118652,0.9338736534118652,0.9338736534118652,0.9338736534118652,0.9338736534118652,0.9338736534118652,0.9338736534118652
0.6558473110198975,0.7461786270141602,0.7461786270141602,0.7461786270141602,0.7484791278839111,0.7484791278839111,0.7484791278839111,0.7484791278839111,0.7484791278839111,0.7484791278839111,0.7484791278839111,0.7484791278839111,0.7484791278839111,0.7484791278839111,0.7484791278839111,0.7484791278839111,0.7484791278839111,0.7484791278839111,0.7484791278839111,0.7484791278839111,0.7484791278839111
0.46764159202575684,0.46764159202575684,0.46764159202575684,0.46764159202575684,0.46764159202575684,0.46764159202575684,1.2061271667480469,1.2061271667480469,1.2061271667480469,1.2061271667480469,1.2061271667480469,1.2061271667480469,1.2061271667480469,1.2061271667480469,1.2061271667480469,1.2061271667480469,1.2061271667480469,1.2061271667480469,1.2061271667480469,1.2061271667480469,1.2061271667480469
0.502892255783081,0.502892255783081,0.502892255783081,0.502892255783081,0.6473078727722168,0.6473078727722168,0.6473078727722168,0.6473078727722168,0.6473078727722168,0.6473078727722168,0.6473078727722168,0.6473078727722168,0.6473078727722168,0.6473078727722168,0.6473078727722168,0.6473078727722168,0.6473078727722168,0.6473078727722168,0.6473078727722168,0.6473078727722168,0.6473078727722168
0.3295168876647949,0.3295168876647949,0.3295168876647949,0.3295168876647949,0.3295168876647949,0.3295168876647949,0.3295168876647949,0.3295168876647949,0.3295168876647949,0.3295168876647949,0.3295168876647949,0.3295168876647949,0.3295168876647949,0.3295168876647949,0.3295168876647949,0.3295168876647949,0.3295168876647949,0.3295168876647949,0.3295168876647949,0.3295168876647949,0.3295168876647949
0.6989254951477051,0.7357573509216309,0.7357573509216309,0.5311005115509033,1.9386942386627197,1.9386942386627197,1.9386942386627197,1.9386942386627197,1.9386942386627197,1.9386942386627197,1.9386942386627197,1.9386942386627197,1.9386942386627197,1.9386942386627197,1.9386942386627197,1.9386942386627197,1.9386942386627197,1.9386942386627197,1.9386942386627197,1.9386942386627197,1.9386942386627197
1.1658835411071777,1.2658450603485107,1.2658450603485107,1.2658450603485107,1.2658450603485107,1.2658450603485107,1.2658450603485107,1.2658450603485107,1.2658450603485107,1.2658450603485107,1.2658450603485107,1.2658450603485107,1.2658450603485107,1.2658450603485107,1.2658450603485107,1.2658450603485107,1.2658450603485107,1.2658450603485107,1.2658450603485107,1.2658450603485107,1.2658450603485107
0.237318754196167,0.237318754196167,0.237318754196167,0.237318754196167,0.237318754196167,0.237318754196167,0.237318754196167,0.237318754196167,0.237318754196167,0.237318754196167,0.237318754196167,0.237318754196167,0.237318754196167,0.237318754196167,0.237318754196167,0.237318754196167,0.237318754196167,0.237318754196167,0.237318754196167,0.237318754196167,0.237318754196167
0.45203638076782227,0.45203638076782227,0.45203638076782227,1.2426884174346924,1.6781620979309082,2.312185287475586,2.312185287475586,1.386829137802124,1.157644271850586,1.7931499481201172,1.7931499481201172,1.7931499481201172,1.7931499481201172,1.7931499481201172,1.7931499481201172,1.7931499481201172,1.7931499481201172,1.7931499481201172,1.7931499481201172,1.7931499481201172,1.7931499481201172
0.4713466167449951,0.4713466167449951,0.4713466167449951,0.4713466167449951,0.4713466167449951,0.4713466167449951,0.4713466167449951,0.4713466167449951,0.4713466167449951,0.4713466167449951,0.4713466167449951,0.4713466167449951,0.4713466167449951,0.4713466167449951,0.4713466167449951,0.4713466167449951,0.4713466167449951,0.4713466167449951,0.4713466167449951,0.4713466167449951,0.4713466167449951
0.5351834297180176,0.9083151817321777,0.9083151817321777,1.2722997665405273,1.717735767364502,1.565023422241211,1.565023422241211,3.115818977355957,1.1039040088653564,1.1039040088653564,1.1039040088653564,1.1039040088653564,1.1039040088653564,1.1039040088653564,1.1039040088653564,1.1039040088653564,1.1039040088653564,1.1039040088653564,1.1039040088653564,1.1039040088653564,1.1039040088653564
0.5274658203125,0.5274658203125,1.4629411697387695,1.4629411697387695,1.4629411697387695,1.4629411697387695,1.4629411697387695,1.4629411697387695,1.4629411697387695,1.4629411697387695,1.4629411697387695,1.4629411697387695,1.4629411697387695,1.4629411697387695,1.4629411697387695,1.4629411697387695,1.4629411697387695,1.4629411697387695,1.4629411697387695,1.4629411697387695,1.4629411697387695
0.44183349609375,0.44183349609375,0.44183349609375,0.44183349609375,0.790431022644043,0.790431022644043,0.790431022644043,0.790431022644043,0.790431022644043,0.790431022644043,0.790431022644043,0.790431022644043,0.790431022644043,0.790431022644043,0.790431022644043,0.790431022644043,0.790431022644043,0.790431022644043,0.790431022644043,0.790431022644043,0.790431022644043
0.46268415451049805,0.46268415451049805,0.9439997673034668,0.9439997673034668,2.0740034580230713,1.4815356731414795,1.4815356731414795,1.4815356731414795,1.4815356731414795,1.4815356731414795,1.4815356731414795,1.4815356731414795,1.4815356731414795,1.4815356731414795,1.4815356731414795,1.4815356731414795,1.4815356731414795,1.4815356731414795,1.4815356731414795,1.4815356731414795,1.4815356731414795
0.4756035804748535,0.4756035804748535,0.4756035804748535,1.5805652141571045,2.3296468257904053,1.0876710414886475,1.0876710414886475,1.0876710414886475,1.0876710414886475,1.0876710414886475,1.0876710414886475,1.0876710414886475,1.0876710414886475,1.0876710414886475,1.0876710414886475,1.0876710414886475,1.0876710414886475,1.0876710414886475,1.0876710414886475,1.0876710414886475,1.0876710414886475
0.5253467559814453,0.5253467559814453,1.1299645900726318,1.4310240745544434,1.372577428817749,3.148482084274292,3.148482084274292,3.148482084274292,3.148482084274292,3.148482084274292,3.148482084274292,3.148482084274292,3.148482084274292,3.148482084274292,3.148482084274292,3.148482084274292,3.148482084274292,3.148482084274292,3.148482084274292,3.148482084274292,3.148482084274292
0.7874448299407959,0.7874448299407959,0.7874448299407959,0.7874448299407959,0.7874448299407959,0.7874448299407959,0.7874448299407959,0.7874448299407959,0.7874448299407959,0.7874448299407959,0.7874448299407959,0.7874448299407959,0.7874448299407959,0.7874448299407959,0.7874448299407959,0.7874448299407959,0.7874448299407959,0.7874448299407959,0.7874448299407959,0.7874448299407959,0.7874448299407959
0.6702771186828613,0.39618730545043945,0.39618730545043945,0.39618730545043945,0.39618730545043945,0.39618730545043945,0.39618730545043945,0.39618730545043945,0.39618730545043945,0.39618730545043945,0.39618730545043945,0.39618730545043945,0.39618730545043945,0.39618730545043945,0.39618730545043945,0.39618730545043945,0.39618730545043945,0.39618730545043945,0.39618730545043945,0.39618730545043945,0.39618730545043945
0.5665655136108398,0.5665655136108398,0.5665655136108398,1.6411206722259521,1.2965984344482422,1.2965984344482422,1.2965984344482422,1.2965984344482422,1.2965984344482422,1.2965984344482422,1.2965984344482422,1.2965984344482422,1.2965984344482422,1.2965984344482422,1.2965984344482422,1.2965984344482422,1.2965984344482422,1.2965984344482422,1.2965984344482422,1.2965984344482422,1.2965984344482422
0.8472788333892822,1.1198275089263916,1.1198275089263916,1.6843445301055908,1.8175997734069824,1.6765317916870117,1.6765317916870117,1.6765317916870117,1.6765317916870117,1.6765317916870117,1.6765317916870117,1.6765317916870117,1.6765317916870117,1.6765317916870117,1.6765317916870117,1.6765317916870117,1.6765317916870117,1.6765317916870117,1.6765317916870117,1.6765317916870117,1.6765317916870117
0.4751322269439697,0.4751322269439697,0.4751322269439697,0.4751322269439697,0.4751322269439697,0.4751322269439697,0.4751322269439697,1.110893726348877,1.4893107414245605,1.4756479263305664,1.4756479263305664,1.4756479263305664,1.4756479263305664,1.4756479263305664,1.4756479263305664,1.4756479263305664,1.4756479263305664,1.4756479263305664,1.4756479263305664,1.4756479263305664,1.4756479263305664
0.6415746212005615,0.5735199451446533,0.5735199451446533,0.5735199451446533,2.5820722579956055,2.5820722579956055,2.5820722579956055,2.8366105556488037,2.8366105556488037,2.8366105556488037,2.8366105556488037,2.8366105556488037,2.8366105556488037,2.8366105556488037,2.8366105556488037,2.8366105556488037,2.8366105556488037,2.8366105556488037,2.8366105556488037,2.8366105556488037,2.8366105556488037
0.4008452892303467,0.4008452892303467,0.4008452892303467,0.4008452892303467,0.4008452892303467,0.4008452892303467,0.4008452892303467,0.4008452892303467,0.4008452892303467,0.4008452892303467,0.4008452892303467,0.4008452892303467,0.4008452892303467,0.4008452892303467,0.4008452892303467,0.4008452892303467,0.4008452892303467,0.4008452892303467,0.4008452892303467,0.4008452892303467,0.4008452892303467
0.5317392349243164,0.7459595203399658,0.8595359325408936,1.7482860088348389,1.7066378593444824,0.956078290939331,0.956078290939331,0.956078290939331,0.956078290939331,0.956078290939331,0.956078290939331,0.956078290939331,0.956078290939331,0.956078290939331,0.956078290939331,0.956078290939331,0.956078290939331,0.956078290939331,0.956078290939331,0.956078290939331,0.956078290939331
0.5121469497680664,0.9591536521911621,0.9591536521911621,1.3318357467651367,1.3854954242706299,0.9977753162384033,0.9977753162384033,0.9977753162384033,0.9977753162384033,0.9977753162384033,0.9977753162384033,0.9977753162384033,0.9977753162384033,0.9977753162384033,0.9977753162384033,0.9977753162384033,0.9977753162384033,0.9977753162384033,0.9977753162384033,0.9977753162384033,0.9977753162384033
1.0203161239624023,1.0203161239624023,1.0203161239624023,1.0203161239624023,1.0203161239624023,1.0203161239624023,1.0203161239624023,1.0203161239624023,1.0203161239624023,1.0203161239624023,1.0203161239624023,1.0203161239624023,1.0203161239624023,1.0203161239624023,1.0203161239624023,1.0203161239624023,1.0203161239624023,1.0203161239624023,1.0203161239624023,1.0203161239624023,1.0203161239624023
0.44176411628723145,0.44176411628723145,0.44176411628723145,0.44176411628723145,1.6838481426239014,1.6838481426239014,1.6838481426239014,1.6838481426239014,1.6838481426239014,1.6838481426239014,1.6838481426239014,1.6838481426239014,1.6838481426239014,1.6838481426239014,1.6838481426239014,1.6838481426239014,1.6838481426239014,1.6838481426239014,1.6838481426239014,1.6838481426239014,1.6838481426239014
0.3015158176422119,0.3015158176422119,0.3015158176422119,0.3015158176422119,0.3015158176422119,0.3015158176422119,0.3015158176422119,0.3015158176422119,0.3015158176422119,0.3015158176422119,0.3015158176422119,0.3015158176422119,0.3015158176422119,0.3015158176422119,0.3015158176422119,0.3015158176422119,0.3015158176422119,0.3015158176422119,0.3015158176422119,0.3015158176422119,0.3015158176422119
0.6093652248382568,0.9690976142883301,0.9690976142883301,0.9690976142883301,0.9690976142883301,0.9690976142883301,0.9690976142883301,0.9690976142883301,0.9690976142883301,0.9690976142883301,0.9690976142883301,0.9690976142883301,0.9690976142883301,0.9690976142883301,0.9690976142883301,0.9690976142883301,0.9690976142883301,0.9690976142883301,0.9690976142883301,0.9690976142883301,0.9690976142883301
0.5681371688842773,0.2095654010772705,0.2095654010772705,0.2095654010772705,0.2095654010772705,0.2095654010772705,0.2095654010772705,0.2095654010772705,0.2095654010772705,0.2095654010772705,0.2095654010772705,0.2095654010772705,0.2095654010772705,0.2095654010772705,0.2095654010772705,0.2095654010772705,0.2095654010772705,0.2095654010772705,0.2095654010772705,0.2095654010772705,0.2095654010772705
0.6511991024017334,0.9984118938446045,0.9984118938446045,0.9984118938446045,0.9984118938446045,0.9984118938446045,0.9984118938446045,0.9984118938446045,0.9984118938446045,0.9984118938446045,0.9984118938446045,0.9984118938446045,0.9984118938446045,0.9984118938446045,0.9984118938446045,0.9984118938446045,0.9984118938446045,0.9984118938446045,0.9984118938446045,0.9984118938446045,0.9984118938446045
0.4652419090270996,0.4652419090270996,0.4652419090270996,0.4652419090270996,0.4652419090270996,0.7830736637115479,1.1849606037139893,1.1849606037139893,1.1849606037139893,1.1849606037139893,1.1849606037139893,1.1849606037139893,1.1849606037139893,1.1849606037139893,1.1849606037139893,1.1849606037139893,1.1849606037139893,1.1849606037139893,1.1849606037139893,1.1849606037139893,1.1849606037139893
0.5601608753204346,0.5601608753204346,0.5601608753204346,1.267704963684082,1.9410979747772217,2.694178819656372,1.2586925029754639,1.2586925029754639,1.2586925029754639,1.2586925029754639,1.2586925029754639,1.2586925029754639,1.2586925029754639,1.2586925029754639,1.2586925029754639,1.2586925029754639,1.2586925029754639,1.2586925029754639,1.2586925029754639,1.2586925029754639,1.2586925029754639
0.4948544502258301,0.4948544502258301,0.4948544502258301,0.4948544502258301,0.4948544502258301,0.4948544502258301,0.4948544502258301,0.4948544502258301,0.4948544502258301,0.4948544502258301,0.4948544502258301,0.4948544502258301,0.4948544502258301,0.4948544502258301,0.4948544502258301,0.4948544502258301,0.4948544502258301,0.4948544502258301,0.4948544502258301,0.4948544502258301,0.4948544502258301
0.9548983573913574,0.9548983573913574,0.9548983573913574,0.9548983573913574,0.9461116790771484,1.475637674331665,1.475637674331665,1.475637674331665,1.475637674331665,1.475637674331665,1.475637674331665,1.475637674331665,1.475637674331665,1.475637674331665,1.475637674331665,1.475637674331665,1.475637674331665,1.475637674331665,1.475637674331665,1.475637674331665,1.475637674331665
0.4539661407470703,0.4539661407470703,0.4539661407470703,0.4539661407470703,0.4539661407470703,0.4539661407470703,0.4539661407470703,0.4539661407470703,0.4539661407470703,0.4539661407470703,0.4539661407470703,1.880868911743164,1.880868911743164,1.880868911743164,1.880868911743164,1.880868911743164,1.880868911743164,1.880868911743164,1.880868911743164,1.880868911743164,1.880868911743164
0.7923648357391357,0.7923648357391357,0.7923648357391357,0.7923648357391357,0.7923648357391357,0.7923648357391357,0.7923648357391357,0.7923648357391357,0.7923648357391357,0.7923648357391357,0.7923648357391357,0.7923648357391357,0.7923648357391357,0.7923648357391357,0.7923648357391357,0.7923648357391357,0.7923648357391357,0.7923648357391357,0.7923648357391357,0.7923648357391357,0.7923648357391357
0.9610025882720947,1.207859992980957,1.7715051174163818,1.7879316806793213,1.7879316806793213,1.7879316806793213,1.7879316806793213,1.7879316806793213,1.7879316806793213,1.7879316806793213,1.7879316806793213,1.7879316806793213,1.7879316806793213,1.7879316806793213,1.7879316806793213,1.7879316806793213,1.7879316806793213,1.7879316806793213,1.7879316806793213,1.7879316806793213,1.7879316806793213
0.2751655578613281,0.2751655578613281,0.2751655578613281,0.2751655578613281,0.2751655578613281,0.2751655578613281,0.2751655578613281,0.2751655578613281,0.2751655578613281,0.2751655578613281,0.2751655578613281,0.2751655578613281,0.2751655578613281,0.2751655578613281,0.2751655578613281,0.2751655578613281,0.2751655578613281,0.2751655578613281,0.2751655578613281,0.2751655578613281,0.2751655578613281
0.4624161720275879,1.3668065071105957,1.3668065071105957,1.3668065071105957,1.3668065071105957,1.3668065071105957,1.3668065071105957,1.3668065071105957,1.3668065071105957,1.3668065071105957,1.3668065071105957,1.3668065071105957,1.3668065071105957,1.3668065071105957,1.3668065071105957,1.3668065071105957,1.3668065071105957,1.3668065071105957,1.3668065071105957,1.3668065071105957,1.3668065071105957
0.5756354331970215,0.5756354331970215,0.5756354331970215,0.5756354331970215,1.1359786987304688,1.1820917129516602,1.1820917129516602,1.1820917129516602,1.1820917129516602,1.1820917129516602,1.1820917129516602,1.1820917129516602,1.1820917129516602,1.1820917129516602,1.1820917129516602,1.1820917129516602,1.1820917129516602,1.1820917129516602,1.1820917129516602,1.1820917129516602,1.1820917129516602
0.37618017196655273,0.37618017196655273,0.37618017196655273,0.37618017196655273,0.885303258895874,0.885303258895874,0.885303258895874,0.885303258895874,0.885303258895874,0.885303258895874,0.885303258895874,0.885303258895874,0.885303258895874,0.885303258895874,0.885303258895874,0.885303258895874,0.885303258895874,0.885303258895874,0.885303258895874,0.885303258895874,0.885303258895874
0.5248446464538574,0.5248446464538574,0.5248446464538574,0.5248446464538574,0.5248446464538574,0.5248446464538574,0.5248446464538574,0.5248446464538574,0.5248446464538574,0.5248446464538574,0.5248446464538574,0.5248446464538574,0.5248446464538574,0.5248446464538574,2.652322292327881,2.652322292327881,2.652322292327881,2.652322292327881,2.652322292327881,2.652322292327881,2.652322292327881
0,0.9837729930877686,0.5768160820007324,0.5768160820007324,0.5768160820007324,0.5768160820007324,0.5768160820007324,0.5768160820007324,0.5768160820007324,0.5768160820007324,0.5768160820007324,0.5768160820007324,0.5768160820007324,0.5768160820007324,0.5768160820007324,0.5768160820007324,0.5768160820007324,0.5768160820007324,0.5768160820007324,0.5768160820007324,0.5768160820007324
0.4128541946411133,0.8208324909210205,1.0445895195007324,1.5380613803863525,1.5924978256225586,1.5924978256225586,1.6127564907073975,1.6127564907073975,1.6127564907073975,1.6127564907073975,1.6127564907073975,1.6127564907073975,1.6127564907073975,1.6127564907073975,1.6127564907073975,1.6127564907073975,1.6127564907073975,1.6127564907073975,1.6127564907073975,1.6127564907073975,1.6127564907073975
0.35955119132995605,0.35955119132995605,0.35955119132995605,0.35955119132995605,0.35955119132995605,0.35955119132995605,0.35955119132995605,0.35955119132995605,0.35955119132995605,0.35955119132995605,0.35955119132995605,0.35955119132995605,0.35955119132995605,0.35955119132995605,0.35955119132995605,0.35955119132995605,0.35955119132995605,0.35955119132995605,0.35955119132995605,0.35955119132995605,0.35955119132995605
0.5789742469787598,0.7012271881103516,0.7012271881103516,0.7012271881103516,0.7012271881103516,1.1275265216827393,1.1275265216827393,1.1275265216827393,1.1275265216827393,1.1275265216827393,1.1275265216827393,1.1275265216827393,1.1275265216827393,1.1275265216827393,1.1275265216827393,1.1275265216827393,1.1275265216827393,1.1275265216827393,1.1275265216827393,1.1275265216827393,1.1275265216827393
0.17881035804748535,0.17881035804748535,0.17881035804748535,0.17881035804748535,0.17881035804748535,0.17881035804748535,0.17881035804748535,0.17881035804748535,0.17881035804748535,0.17881035804748535,0.17881035804748535,0.17881035804748535,0.17881035804748535,0.17881035804748535,0.17881035804748535,0.17881035804748535,0.17881035804748535,0.17881035804748535,0.17881035804748535,0.17881035804748535,0.17881035804748535
0.5448086261749268,0.9688858985900879,0.9688858985900879,0.9688858985900879,1.027510404586792,1.027510404586792,1.027510404586792,1.027510404586792,1.027510404586792,1.027510404586792,1.027510404586792,1.027510404586792,1.027510404586792,1.027510404586792,1.027510404586792,1.027510404586792,1.027510404586792,1.027510404586792,1.027510404586792,1.027510404586792,1.027510404586792
0.4330723285675049,0.4330723285675049,0.4330723285675049,0.4330723285675049,0.4330723285675049,0.4330723285675049,1.4580883979797363,1.769538164138794,2.198538064956665,2.198538064956665,2.198538064956665,2.198538064956665,2.198538064956665,2.198538064956665,2.198538064956665,2.198538064956665,2.198538064956665,2.198538064956665,2.198538064956665,2.198538064956665,2.198538064956665
0.537407398223877,0.537407398223877,0.537407398223877,0.537407398223877,1.7778255939483643,1.9366514682769775,1.6943700313568115,2.594334125518799,2.594334125518799,2.594334125518799,2.594334125518799,2.594334125518799,2.594334125518799,2.594334125518799,2.594334125518799,2.594334125518799,2.594334125518799,2.594334125518799,2.594334125518799,2.594334125518799,2.594334125518799
0.5140402317047119,0.5140402317047119,1.2493481636047363,1.6176791191101074,2.2486279010772705,2.2486279010772705,1.252565622329712,1.252565622329712,1.252565622329712,1.252565622329712,1.252565622329712,1.252565622329712,1.252565622329712,1.252565622329712,1.252565622329712,1.252565622329712,1.252565622329712,1.252565622329712,1.252565622329712,1.252565622329712,1.252565622329712
0.45183610916137695,0.45183610916137695,0.45183610916137695,0.45183610916137695,0.45183610916137695,0.45183610916137695,0.45183610916137695,0.45183610916137695,0.45183610916137695,0.45183610916137695,0.45183610916137695,0.45183610916137695,0.45183610916137695,0.45183610916137695,0.45183610916137695,0.45183610916137695,0.45183610916137695,0.45183610916137695,0.45183610916137695,0.45183610916137695,0.45183610916137695
0.5783469676971436,0.5783469676971436,0.5783469676971436,0.5783469676971436,0.5783469676971436,0.5783469676971436,0.5783469676971436,0.5783469676971436,0.5783469676971436,0.5783469676971436,0.5783469676971436,0.5783469676971436,0.5783469676971436,0.5783469676971436,0.5783469676971436,0.5783469676971436,0.5783469676971436,0.5783469676971436,0.5783469676971436,0.5783469676971436,0.5783469676971436
0.6554596424102783,0.3911561965942383,0.3911561965942383,0.3911561965942383,0.3911561965942383,0.3911561965942383,0.3911561965942383,0.3911561965942383,0.3911561965942383,0.3911561965942383,0.3911561965942383,0.3911561965942383,0.3911561965942383,0.3911561965942383,0.3911561965942383,0.3911561965942383,0.3911561965942383,0.3911561965942383,0.3911561965942383,0.3911561965942383,0.3911561965942383
0.5679311752319336,0.5679311752319336,1.288029432296753,1.288029432296753,1.288029432296753,1.288029432296753,1.288029432296753,1.288029432296753,1.288029432296753,1.288029432296753,1.288029432296753,1.288029432296753,1.288029432296753,1.288029432296753,1.288029432296753,1.288029432296753,1.288029432296753,1.288029432296753,1.288029432296753,1.288029432296753,1.288029432296753
0.5304749011993408,0.5304749011993408,0.5304749011993408,0.5304749011993408,0.5304749011993408,0.5304749011993408,0.5304749011993408,0.5304749011993408,0.5304749011993408,0.5304749011993408,0.5304749011993408,0.5304749011993408,0.5304749011993408,0.5304749011993408,0.5304749011993408,0.5304749011993408,0.5304749011993408,0.5304749011993408,0.5304749011993408,0.5304749011993408,0.5304749011993408
0.5703036785125732,0.9645273685455322,0.9645273685455322,0.9645273685455322,0.9878721237182617,0.9377708435058594,0.9377708435058594,0.9377708435058594,0.9377708435058594,0.9377708435058594,0.9377708435058594,0.9377708435058594,0.9377708435058594,0.9377708435058594,0.9377708435058594,0.9377708435058594,0.9377708435058594,0.9377708435058594,0.9377708435058594,0.9377708435058594,0.9377708435058594
0.7533867359161377,0.7533867359161377,1.1990351676940918,1.1990351676940918,1.4693248271942139,1.4693248271942139,1.4693248271942139,1.4693248271942139,1.4693248271942139,1.4693248271942139,1.4693248271942139,1.4693248271942139,1.4693248271942139,1.4693248271942139,1.4693248271942139,1.4693248271942139,1.4693248271942139,1.4693248271942139,1.4693248271942139,1.4693248271942139,1.4693248271942139
0.4080679416656494,0.4080679416656494,0.4080679416656494,0.4080679416656494,0.4080679416656494,0.4080679416656494,2.0949814319610596,1.8875069618225098,1.8875069618225098,1.8875069618225098,1.8875069618225098,1.8875069618225098,1.8875069618225098,1.8875069618225098,1.8875069618225098,1.8875069618225098,1.8875069618225098,1.8875069618225098,1.8875069618225098,1.8875069618225098,1.8875069618225098
0.5433082580566406,0.9641096591949463,1.0036678314208984,1.0036678314208984,1.0036678314208984,1.0036678314208984,1.0036678314208984,1.0036678314208984,1.0036678314208984,1.0036678314208984,1.0036678314208984,1.0036678314208984,1.0036678314208984,1.0036678314208984,1.0036678314208984,1.0036678314208984,1.0036678314208984,1.0036678314208984,1.0036678314208984,1.0036678314208984,1.0036678314208984
0.5034575462341309,0.5034575462341309,1.2955913543701172,1.2823865413665771,0.8970448970794678,0.9060235023498535,0.9060235023498535,0.9060235023498535,0.9060235023498535,0.9060235023498535,0.9060235023498535,0.9060235023498535,0.9060235023498535,0.9060235023498535,0.9060235023498535,0.9060235023498535,0.9060235023498535,0.9060235023498535,0.9060235023498535,0.9060235023498535,0.9060235023498535
0.9120314121246338,0.9120314121246338,0.9120314121246338,0.9120314121246338,0.9120314121246338,0.9120314121246338,0.9120314121246338,0.9120314121246338,0.9120314121246338,0.9120314121246338,0.9120314121246338,0.9120314121246338,0.9120314121246338,0.9120314121246338,0.9120314121246338,0.9120314121246338,0.9120314121246338,0.9120314121246338,0.9120314121246338,0.9120314121246338,0.9120314121246338
0.5057528018951416,0.5057528018951416,0.5057528018951416,0.5057528018951416,0.5057528018951416,0.5057528018951416,0.5057528018951416,0.5057528018951416,0.5057528018951416,0.5057528018951416,0.5057528018951416,0.5057528018951416,0.5057528018951416,0.5057528018951416,0.5057528018951416,0.5057528018951416,0.5057528018951416,0.5057528018951416,0.5057528018951416,0.5057528018951416,0.5057528018951416
0.3836202621459961,0.6817164421081543,0.8717901706695557,1.689619779586792,1.689619779586792,1.845613718032837,2.5715653896331787,2.5715653896331787,2.5715653896331787,2.5715653896331787,2.5715653896331787,2.5715653896331787,2.5715653896331787,2.5715653896331787,2.5715653896331787,2.5715653896331787,2.5715653896331787,2.5715653896331787,2.5715653896331787,2.5715653896331787,2.5715653896331787
0.5479986667633057,0.5479986667633057,0.5479986667633057,0.5479986667633057,0.5479986667633057,0.5479986667633057,0.5479986667633057,0.5479986667633057,0.5479986667633057,0.5479986667633057,0.5479986667633057,0.5479986667633057,0.5479986667633057,0.5479986667633057,0.5479986667633057,0.5479986667633057,0.5479986667633057,0.5479986667633057,0.5479986667633057,0.5479986667633057,0.5479986667633057
0.5353403091430664,0.5353403091430664,0.5353403091430664,0.5353403091430664,0.5353403091430664,0.5353403091430664,0.5353403091430664,0.5353403091430664,0.5353403091430664,0.5353403091430664,0.5353403091430664,0.5353403091430664,0.5353403091430664,0.5353403091430664,0.5353403091430664,0.5353403091430664,0.5353403091430664,0.5353403091430664,0.5353403091430664,0.5353403091430664,0.5353403091430664
0.6355195045471191,0.6355195045471191,0.6355195045471191,0.6355195045471191,0.6355195045471191,0.6355195045471191,0.6355195045471191,0.6355195045471191,0.6355195045471191,0.6355195045471191,0.6355195045471191,0.6355195045471191,0.6355195045471191,0.6355195045471191,0.6355195045471191,0.6355195045471191,0.6355195045471191,0.6355195045471191,0.6355195045471191,0.6355195045471191,0.6355195045471191
0.4278295040130615,0.6520261764526367,0.8179199695587158,1.0652904510498047,1.0652904510498047,0.8978772163391113,1.2834815979003906,1.2834815979003906,1.2834815979003906,1.2834815979003906,1.2834815979003906,1.2834815979003906,1.2834815979003906,1.2834815979003906,1.2834815979003906,1.2834815979003906,1.2834815979003906,1.2834815979003906,1.2834815979003906,1.2834815979003906,1.2834815979003906
0,0,0,0,0,0,0,0,0,0,0,0,0,0,0,0,0,0,0,0,0
1.0459089279174805,1.0459089279174805,1.0459089279174805,1.0459089279174805,1.0459089279174805,1.0459089279174805,1.0459089279174805,1.0459089279174805,1.0459089279174805,1.0459089279174805,1.0459089279174805,1.0459089279174805,1.0459089279174805,1.0459089279174805,1.0459089279174805,1.0459089279174805,1.0459089279174805,1.0459089279174805,1.0459089279174805,1.0459089279174805,1.0459089279174805
0.6954903602600098,0.6954903602600098,0.6954903602600098,0.6954903602600098,0.6954903602600098,0.6954903602600098,0.6954903602600098,0.6954903602600098,0.6954903602600098,0.6954903602600098,0.6954903602600098,0.6954903602600098,0.6954903602600098,0.6954903602600098,0.6954903602600098,0.6954903602600098,0.6954903602600098,0.6954903602600098,0.6954903602600098,0.6954903602600098,0.6954903602600098
0.7806472778320312,0.7806472778320312,1.3182051181793213,1.3182051181793213,1.3182051181793213,1.3182051181793213,1.3182051181793213,1.3182051181793213,1.3182051181793213,1.3182051181793213,1.3182051181793213,1.3182051181793213,1.3182051181793213,1.3182051181793213,1.3182051181793213,1.3182051181793213,1.3182051181793213,1.3182051181793213,1.3182051181793213,1.3182051181793213,1.3182051181793213
0.38035011291503906,0.38035011291503906,0.38035011291503906,0.38035011291503906,0.38035011291503906,0.38035011291503906,1.8419783115386963,1.2798771858215332,1.2798771858215332,1.2798771858215332,1.2798771858215332,1.2798771858215332,1.2798771858215332,1.2798771858215332,1.2798771858215332,1.2798771858215332,1.2798771858215332,1.2798771858215332,1.2798771858215332,1.2798771858215332,1.2798771858215332
0.6170339584350586,0.8228442668914795,0.8228442668914795,0.8228442668914795,0.8228442668914795,0.8228442668914795,0.8228442668914795,0.8228442668914795,0.8228442668914795,0.8228442668914795,0.8228442668914795,0.8228442668914795,0.8228442668914795,0.8228442668914795,0.8228442668914795,0.8228442668914795,0.8228442668914795,0.8228442668914795,0.8228442668914795,0.8228442668914795,0.8228442668914795
0.5248105525970459,0.5248105525970459,0.5248105525970459,0.5248105525970459,0.5248105525970459,0.5248105525970459,0.5248105525970459,0.5248105525970459,0.5248105525970459,0.5248105525970459,0.5248105525970459,0.5248105525970459,2.4206385612487793,2.4206385612487793,2.4206385612487793,2.4206385612487793,2.4206385612487793,2.4206385612487793,2.4206385612487793,2.4206385612487793,2.4206385612487793
0.5861904621124268,0.7590477466583252,0.9725821018218994,1.2544002532958984,0.9151084423065186,0.9151084423065186,0.9151084423065186,0.9151084423065186,0.9151084423065186,0.9151084423065186,0.9151084423065186,0.9151084423065186,0.9151084423065186,0.9151084423065186,0.9151084423065186,0.9151084423065186,0.9151084423065186,0.9151084423065186,0.9151084423065186,0.9151084423065186,0.9151084423065186
0.5545146465301514,0.5545146465301514,0.5545146465301514,0.5545146465301514,0.5545146465301514,0.5545146465301514,0.5545146465301514,0.5545146465301514,0.5545146465301514,0.5545146465301514,0.5545146465301514,0.5545146465301514,0.5545146465301514,0.5545146465301514,0.5545146465301514,0.5545146465301514,0.5545146465301514,0.5545146465301514,0.5545146465301514,0.5545146465301514,0.5545146465301514
0.4850645065307617,0.4850645065307617,0.4850645065307617,0.4850645065307617,1.23067307472229,1.493941307067871,1.1572716236114502,1.1572716236114502,1.1572716236114502,1.1572716236114502,1.1572716236114502,1.1572716236114502,1.1572716236114502,1.1572716236114502,1.1572716236114502,1.1572716236114502,1.1572716236114502,1.1572716236114502,1.1572716236114502,1.1572716236114502,1.1572716236114502
0.8353128433227539,0.37892985343933105,0.37892985343933105,0.37892985343933105,0.37892985343933105,0.37892985343933105,0.37892985343933105,0.37892985343933105,0.37892985343933105,0.37892985343933105,0.37892985343933105,0.37892985343933105,0.37892985343933105,0.37892985343933105,0.37892985343933105,0.37892985343933105,0.37892985343933105,0.37892985343933105,0.37892985343933105,0.37892985343933105,0.37892985343933105
0.5362086296081543,0.5362086296081543,0.5362086296081543,0.5362086296081543,0.5362086296081543,0.5362086296081543,0.5362086296081543,0.5362086296081543,0.5362086296081543,0.5362086296081543,0.5362086296081543,0.5362086296081543,0.5362086296081543,0.5362086296081543,0.5362086296081543,0.5362086296081543,0.5362086296081543,0.5362086296081543,0.5362086296081543,0.5362086296081543,0.5362086296081543
0.4487268924713135,0.4487268924713135,0.4487268924713135,0.4487268924713135,0.4487268924713135,0.4487268924713135,0.4487268924713135,0.4487268924713135,0.4487268924713135,0.4487268924713135,0.4487268924713135,0.4487268924713135,0.4487268924713135,0.4487268924713135,0.4487268924713135,0.4487268924713135,0.4487268924713135,0.4487268924713135,0.4487268924713135,0.4487268924713135,0.4487268924713135
0.43485021591186523,0.43485021591186523,0.43485021591186523,0.43485021591186523,0.43485021591186523,0.43485021591186523,1.7045786380767822,1.7045786380767822,1.7045786380767822,1.7045786380767822,1.7045786380767822,1.7045786380767822,1.7045786380767822,1.7045786380767822,1.7045786380767822,1.7045786380767822,1.7045786380767822,1.7045786380767822,1.7045786380767822,1.7045786380767822,1.7045786380767822
0.5605416297912598,0.5106256008148193,0.5106256008148193,0.5106256008148193,0.5106256008148193,0.5106256008148193,0.5106256008148193,0.5106256008148193,0.5106256008148193,0.5106256008148193,0.5106256008148193,0.5106256008148193,0.5106256008148193,0.5106256008148193,0.5106256008148193,0.5106256008148193,0.5106256008148193,0.5106256008148193,0.5106256008148193,0.5106256008148193,0.5106256008148193
0.9138083457946777,0.7677657604217529,0.7677657604217529,1.1730949878692627,1.194822072982788,1.288700819015503,1.288700819015503,1.288700819015503,1.288700819015503,1.288700819015503,1.288700819015503,1.288700819015503,1.288700819015503,1.288700819015503,1.288700819015503,1.288700819015503,1.288700819015503,1.288700819015503,1.288700819015503,1.288700819015503,1.288700819015503
1.1177396774291992,1.1177396774291992,1.1177396774291992,1.1177396774291992,1.1177396774291992,1.1177396774291992,1.1177396774291992,1.1177396774291992,1.1177396774291992,1.1177396774291992,1.1177396774291992,1.1177396774291992,1.1177396774291992,1.1177396774291992,1.1177396774291992,1.1177396774291992,1.1177396774291992,1.1177396774291992,1.1177396774291992,1.1177396774291992,1.1177396774291992
0.4268960952758789,0.4407958984375,0.4407958984375,0.4407958984375,0.4407958984375,0.4407958984375,0.4407958984375,0.4407958984375,0.4407958984375,0.4407958984375,0.4407958984375,0.4407958984375,0.4407958984375,0.4407958984375,0.4407958984375,0.4407958984375,0.4407958984375,0.4407958984375,0.4407958984375,0.4407958984375,0.4407958984375
0.8922395706176758,0.9228866100311279,1.4837491512298584,1.4837491512298584,1.4837491512298584,1.208082914352417,1.624640941619873,1.624640941619873,1.624640941619873,1.624640941619873,1.624640941619873,1.624640941619873,1.624640941619873,1.624640941619873,1.624640941619873,1.624640941619873,1.624640941619873,1.624640941619873,1.624640941619873,1.624640941619873,1.624640941619873
1.2313761711120605,1.2313761711120605,1.2165215015411377,1.2165215015411377,1.2165215015411377,1.2165215015411377,1.2165215015411377,1.2165215015411377,1.2165215015411377,1.2165215015411377,1.2165215015411377,1.2165215015411377,1.2165215015411377,1.2165215015411377,1.2165215015411377,1.2165215015411377,1.2165215015411377,1.2165215015411377,1.2165215015411377,1.2165215015411377,1.2165215015411377
0.5307013988494873,0.5307013988494873,0.5307013988494873,0.5307013988494873,0.5307013988494873,0.5307013988494873,0.5307013988494873,0.5307013988494873,0.5307013988494873,0.5307013988494873,0.5307013988494873,0.5307013988494873,0.5307013988494873,0.5307013988494873,0.5307013988494873,0.5307013988494873,0.5307013988494873,0.5307013988494873,0.5307013988494873,0.5307013988494873,0.5307013988494873
0.5033173561096191,0.5033173561096191,3.007901191711426,3.007901191711426,2.6842732429504395,2.6842732429504395,2.6842732429504395,2.6842732429504395,2.6842732429504395,2.6842732429504395,2.6842732429504395,2.6842732429504395,2.6842732429504395,2.6842732429504395,2.6842732429504395,2.6842732429504395,2.6842732429504395,2.6842732429504395,2.6842732429504395,2.6842732429504395,2.6842732429504395
0.4283325672149658,0.4283325672149658,0.4283325672149658,0.4283325672149658,0.4283325672149658,0.4283325672149658,0.941730260848999,0.941730260848999,0.941730260848999,0.941730260848999,0.941730260848999,0.941730260848999,0.941730260848999,0.941730260848999,0.941730260848999,0.941730260848999,0.941730260848999,0.941730260848999,0.941730260848999,0.941730260848999,0.941730260848999
0.6557137966156006,0.6557137966156006,0.6557137966156006,0.6557137966156006,0.6557137966156006,0.6557137966156006,0.6557137966156006,0.6557137966156006,0.6557137966156006,0.6557137966156006,0.6557137966156006,0.6557137966156006,0.6557137966156006,0.6557137966156006,0.6557137966156006,0.6557137966156006,0.6557137966156006,0.6557137966156006,0.6557137966156006,0.6557137966156006,0.6557137966156006
0.8671371936798096,0.6488027572631836,1.2004485130310059,1.7460181713104248,2.33549427986145,2.9135966300964355,2.9135966300964355,5.14176344871521,5.14176344871521,5.14176344871521,5.14176344871521,5.14176344871521,5.14176344871521,5.14176344871521,5.14176344871521,5.14176344871521,5.14176344871521,5.14176344871521,5.14176344871521,5.14176344871521,5.14176344871521
0.5908565521240234,0.7828381061553955,0.7828381061553955,0.7828381061553955,1.304739236831665,1.1654059886932373,1.1654059886932373,1.1654059886932373,1.1654059886932373,1.1654059886932373,1.1654059886932373,1.1654059886932373,1.1654059886932373,1.1654059886932373,1.1654059886932373,1.1654059886932373,1.1654059886932373,1.1654059886932373,1.1654059886932373,1.1654059886932373,1.1654059886932373
0.5376665592193604,0.45230555534362793,1.6443324089050293,1.6443324089050293,1.6443324089050293,1.6443324089050293,1.6443324089050293,1.6443324089050293,1.6443324089050293,1.6443324089050293,1.6443324089050293,1.6443324089050293,1.6443324089050293,1.6443324089050293,1.6443324089050293,1.6443324089050293,1.6443324089050293,1.6443324089050293,1.6443324089050293,1.6443324089050293,1.6443324089050293
0.9522006511688232,0.9522006511688232,0.7798125743865967,2.202568292617798,1.0165352821350098,1.0165352821350098,1.0165352821350098,1.0165352821350098,1.0165352821350098,1.0165352821350098,1.0165352821350098,1.0165352821350098,1.0165352821350098,1.0165352821350098,1.0165352821350098,1.0165352821350098,1.0165352821350098,1.0165352821350098,1.0165352821350098,1.0165352821350098,1.0165352821350098
0.5018587112426758,0.5018587112426758,0.5018587112426758,0.5018587112426758,0.5018587112426758,0.5018587112426758,0.5018587112426758,4.106848955154419,4.106848955154419,4.106848955154419,4.106848955154419,4.106848955154419,4.106848955154419,4.106848955154419,4.106848955154419,4.106848955154419,4.106848955154419,4.106848955154419,4.106848955154419,4.106848955154419,4.106848955154419
0.5227935314178467,0.5227935314178467,0.5227935314178467,0.5227935314178467,0.5227935314178467,0.5227935314178467,0.5227935314178467,0.5227935314178467,0.5227935314178467,0.5227935314178467,0.5227935314178467,0.5227935314178467,0.5227935314178467,0.5227935314178467,0.5227935314178467,0.5227935314178467,0.5227935314178467,0.5227935314178467,0.5227935314178467,0.5227935314178467,0.5227935314178467
0.520709753036499,0.6798591613769531,0.6798591613769531,0.6798591613769531,0.6798591613769531,0.6798591613769531,0.6798591613769531,0.6798591613769531,0.6798591613769531,0.6798591613769531,0.6798591613769531,0.6798591613769531,0.6798591613769531,0.6798591613769531,0.6798591613769531,0.6798591613769531,0.6798591613769531,0.6798591613769531,0.6798591613769531,0.6798591613769531,0.6798591613769531
0.6475138664245605,0.6475138664245605,0.6475138664245605,0.6475138664245605,0.6475138664245605,0.6475138664245605,0.6475138664245605,0.6475138664245605,0.6475138664245605,0.6475138664245605,0.6475138664245605,0.6475138664245605,0.6475138664245605,0.6475138664245605,0.6475138664245605,0.6475138664245605,0.6475138664245605,0.6475138664245605,0.6475138664245605,0.6475138664245605,0.6475138664245605
0.2943756580352783,0.2943756580352783,0.2943756580352783,0.2943756580352783,0.2943756580352783,0.2943756580352783,0.2943756580352783,0.2943756580352783,0.2943756580352783,0.2943756580352783,0.2943756580352783,0.2943756580352783,0.2943756580352783,0.2943756580352783,0.2943756580352783,0.2943756580352783,0.2943756580352783,0.2943756580352783,0.2943756580352783,0.2943756580352783,0.2943756580352783
0.37209296226501465,0.4819529056549072,0.4819529056549072,0.4819529056549072,0.4819529056549072,0.4819529056549072,0.4819529056549072,0.4819529056549072,0.4819529056549072,0.4819529056549072,0.4819529056549072,0.4819529056549072,0.4819529056549072,0.4819529056549072,0.4819529056549072,0.4819529056549072,0.4819529056549072,0.4819529056549072,0.4819529056549072,0.4819529056549072,0.4819529056549072
0.48951053619384766,0.48951053619384766,0.48951053619384766,0.48951053619384766,0.48951053619384766,0.48951053619384766,0.48951053619384766,0.48951053619384766,0.48951053619384766,0.48951053619384766,0.48951053619384766,0.48951053619384766,0.48951053619384766,0.48951053619384766,0.48951053619384766,0.48951053619384766,0.48951053619384766,0.48951053619384766,0.48951053619384766,0.48951053619384766,0.48951053619384766
0.6274075508117676,0.8801648616790771,1.128720998764038,1.128720998764038,1.4898440837860107,2.2118241786956787,2.670464038848877,2.670464038848877,2.670464038848877,2.670464038848877,2.670464038848877,2.670464038848877,2.670464038848877,2.670464038848877,2.670464038848877,2.670464038848877,2.670464038848877,2.670464038848877,2.670464038848877,2.670464038848877,2.670464038848877
0.838021993637085,0.47750163078308105,0.7031984329223633,0.7031984329223633,0.7031984329223633,0.7031984329223633,0.7031984329223633,0.7031984329223633,0.7031984329223633,0.7031984329223633,0.7031984329223633,0.7031984329223633,0.7031984329223633,0.7031984329223633,0.7031984329223633,0.7031984329223633,0.7031984329223633,0.7031984329223633,0.7031984329223633,0.7031984329223633,0.7031984329223633
0.7765350341796875,0.7751553058624268,0.7200565338134766,2.107365608215332,1.8855400085449219,1.8855400085449219,1.8855400085449219,1.8855400085449219,1.8855400085449219,1.8855400085449219,1.8855400085449219,1.8855400085449219,1.8855400085449219,1.8855400085449219,1.8855400085449219,1.8855400085449219,1.8855400085449219,1.8855400085449219,1.8855400085449219,1.8855400085449219,1.8855400085449219
0.8943080902099609,0.5411965847015381,0.5411965847015381,0.5411965847015381,0.5411965847015381,0.5411965847015381,0.5411965847015381,0.5411965847015381,0.5411965847015381,0.5411965847015381,0.5411965847015381,0.5411965847015381,0.5411965847015381,0.5411965847015381,0.5411965847015381,0.5411965847015381,0.5411965847015381,0.5411965847015381,0.5411965847015381,0.5411965847015381,0.5411965847015381
0.5839107036590576,0.7408034801483154,0.7408034801483154,1.2046589851379395,1.2046589851379395,0.9872784614562988,0.9872784614562988,0.9872784614562988,0.9872784614562988,0.9872784614562988,0.9872784614562988,0.9872784614562988,0.9872784614562988,0.9872784614562988,0.9872784614562988,0.9872784614562988,0.9872784614562988,0.9872784614562988,0.9872784614562988,0.9872784614562988,0.9872784614562988
0.3963637351989746,0.8972742557525635,0.8972742557525635,0.8972742557525635,0.8972742557525635,1.5934152603149414,1.5934152603149414,1.5934152603149414,1.5934152603149414,1.5934152603149414,1.5934152603149414,1.5934152603149414,1.5934152603149414,1.5934152603149414,1.5934152603149414,1.5934152603149414,1.5934152603149414,1.5934152603149414,1.5934152603149414,1.5934152603149414,1.5934152603149414
0.5047323703765869,0.5047323703765869,0.5047323703765869,0.5047323703765869,0.5047323703765869,0.5047323703765869,0.5047323703765869,0.5047323703765869,0.5047323703765869,0.5047323703765869,0.5047323703765869,0.5047323703765869,0.5047323703765869,0.5047323703765869,3.21005916595459,3.21005916595459,4.018564701080322,4.018564701080322,4.018564701080322,4.018564701080322,4.018564701080322
0.4525942802429199,0.4525942802429199,0.4525942802429199,0.4525942802429199,0.4525942802429199,0.4525942802429199,0.4525942802429199,0.4525942802429199,0.4525942802429199,0.4525942802429199,0.4525942802429199,0.4525942802429199,0.4525942802429199,0.4525942802429199,0.4525942802429199,3.5642175674438477,3.5642175674438477,3.5642175674438477,3.5642175674438477,5.472754240036011,5.472754240036011
0.7094631195068359,0.7094631195068359,0.7094631195068359,0.7094631195068359,0.7094631195068359,0.7094631195068359,0.7094631195068359,0.7094631195068359,0.7094631195068359,0.7094631195068359,0.7094631195068359,0.7094631195068359,0.7094631195068359,0.7094631195068359,0.7094631195068359,0.7094631195068359,0.7094631195068359,0.7094631195068359,0.7094631195068359,0.7094631195068359,0.7094631195068359
0.4324188232421875,0.4324188232421875,0.4324188232421875,0.4324188232421875,0.4324188232421875,0.4324188232421875,0.4324188232421875,0.4324188232421875,0.4324188232421875,0.4324188232421875,0.4324188232421875,0.4324188232421875,0.4324188232421875,0.4324188232421875,0.4324188232421875,0.4324188232421875,0.4324188232421875,0.4324188232421875,0.4324188232421875,0.4324188232421875,0.4324188232421875
1.5000998973846436,0.8323848247528076,1.9179739952087402,1.9179739952087402,2.599734306335449,2.599734306335449,2.599734306335449,2.599734306335449,2.599734306335449,2.599734306335449,2.599734306335449,2.599734306335449,2.599734306335449,2.599734306335449,2.599734306335449,2.599734306335449,2.599734306335449,2.599734306335449,2.599734306335449,2.599734306335449,2.599734306335449
0.5261764526367188,0.5261764526367188,0.5261764526367188,0.5261764526367188,0.5261764526367188,0.5261764526367188,0.5261764526367188,0.5261764526367188,0.5261764526367188,0.5261764526367188,0.5261764526367188,0.5261764526367188,0.5261764526367188,0.5261764526367188,0.5261764526367188,0.5261764526367188,0.5261764526367188,0.5261764526367188,0.5261764526367188,0.5261764526367188,0.5261764526367188
0.9969265460968018,0.9039726257324219,0.9509670734405518,1.2015080451965332,0.7042205333709717,0.7042205333709717,0.7042205333709717,0.7042205333709717,0.7042205333709717,0.7042205333709717,0.7042205333709717,0.7042205333709717,0.7042205333709717,0.7042205333709717,0.7042205333709717,0.7042205333709717,0.7042205333709717,0.7042205333709717,0.7042205333709717,0.7042205333709717,0.7042205333709717
0.7703354358673096,0.7165319919586182,0.7253260612487793,0.7253260612487793,1.9117991924285889,1.1330761909484863,1.1330761909484863,1.1330761909484863,1.1330761909484863,1.1330761909484863,1.1330761909484863,1.1330761909484863,1.1330761909484863,1.1330761909484863,1.1330761909484863,1.1330761909484863,1.1330761909484863,1.1330761909484863,1.1330761909484863,1.1330761909484863,1.1330761909484863
0.582313060760498,0.582313060760498,0.582313060760498,0.582313060760498,0.582313060760498,0.582313060760498,0.582313060760498,0.582313060760498,0.582313060760498,0.582313060760498,0.582313060760498,0.582313060760498,0.582313060760498,0.582313060760498,0.582313060760498,0.582313060760498,0.582313060760498,0.582313060760498,0.582313060760498,0.582313060760498,0.582313060760498
0.45497870445251465,0.45497870445251465,0.45497870445251465,0.45497870445251465,0.45497870445251465,0.45497870445251465,0.45497870445251465,1.6877832412719727,1.6877832412719727,1.6877832412719727,1.6877832412719727,1.6877832412719727,1.6877832412719727,1.6877832412719727,1.6877832412719727,1.6877832412719727,1.6877832412719727,1.6877832412719727,1.6877832412719727,1.6877832412719727,1.6877832412719727
0.6526048183441162,0.9123797416687012,0.5178861618041992,0.6921696662902832,0.6921696662902832,1.0105223655700684,1.0105223655700684,1.0105223655700684,1.0105223655700684,1.0105223655700684,1.0105223655700684,1.0105223655700684,1.0105223655700684,1.0105223655700684,1.0105223655700684,1.0105223655700684,1.0105223655700684,1.0105223655700684,1.0105223655700684,1.0105223655700684,1.0105223655700684
0.47502875328063965,0.47502875328063965,0.47502875328063965,0.47502875328063965,0.47502875328063965,0.47502875328063965,0.47502875328063965,0.47502875328063965,0.47502875328063965,0.47502875328063965,0.47502875328063965,0.47502875328063965,0.47502875328063965,0.47502875328063965,0.47502875328063965,0.47502875328063965,0.47502875328063965,0.47502875328063965,0.47502875328063965,0.47502875328063965,0.47502875328063965
0.5509390830993652,0.5509390830993652,0.5509390830993652,0.5509390830993652,0.5509390830993652,0.5509390830993652,0.5509390830993652,0.5509390830993652,0.5509390830993652,0.5509390830993652,0.5509390830993652,0.5509390830993652,0.5509390830993652,0.5509390830993652,0.5509390830993652,0.5509390830993652,0.5509390830993652,0.5509390830993652,0.5509390830993652,0.5509390830993652,0.5509390830993652
0.5373234748840332,0.5373234748840332,0.5373234748840332,0.5373234748840332,0.5373234748840332,0.5373234748840332,0.5373234748840332,0.5373234748840332,0.5373234748840332,0.5373234748840332,0.5373234748840332,0.5373234748840332,0.5373234748840332,0.5373234748840332,0.5373234748840332,0.5373234748840332,0.5373234748840332,0.5373234748840332,0.5373234748840332,0.5373234748840332,0.5373234748840332
0.7419137954711914,0.961951494216919,1.0151152610778809,1.0151152610778809,1.7354605197906494,1.7354605197906494,1.7354605197906494,1.7354605197906494,1.7354605197906494,1.7354605197906494,1.7354605197906494,1.7354605197906494,1.7354605197906494,1.7354605197906494,1.7354605197906494,1.7354605197906494,1.7354605197906494,1.7354605197906494,1.7354605197906494,1.7354605197906494,1.7354605197906494
0.3411428928375244,0.3411428928375244,0.3411428928375244,0.3411428928375244,0.3411428928375244,0.3411428928375244,0.3411428928375244,0.3411428928375244,0.3411428928375244,0.3411428928375244,0.3411428928375244,0.3411428928375244,0.3411428928375244,0.3411428928375244,0.3411428928375244,0.3411428928375244,0.3411428928375244,0.3411428928375244,0.3411428928375244,0.3411428928375244,0.3411428928375244
0.7067108154296875,0.7067108154296875,0.7067108154296875,0.4307289123535156,0.4307289123535156,0.4307289123535156,0.4307289123535156,0.4307289123535156,0.4307289123535156,0.4307289123535156,0.4307289123535156,0.4307289123535156,0.4307289123535156,0.4307289123535156,0.4307289123535156,0.4307289123535156,0.4307289123535156,0.4307289123535156,0.4307289123535156,0.4307289123535156,0.4307289123535156
0.643805980682373,0.643805980682373,0.643805980682373,0.643805980682373,0.643805980682373,0.643805980682373,0.643805980682373,0.643805980682373,0.643805980682373,0.643805980682373,0.643805980682373,0.643805980682373,0.643805980682373,0.643805980682373,0.643805980682373,0.643805980682373,0.643805980682373,0.643805980682373,0.643805980682373,0.643805980682373,0.643805980682373
0.5563876628875732,0.5563876628875732,1.3847124576568604,0.7796752452850342,0.7796752452850342,0.7796752452850342,0.7796752452850342,0.7796752452850342,0.7796752452850342,0.7796752452850342,0.7796752452850342,0.7796752452850342,0.7796752452850342,0.7796752452850342,0.7796752452850342,0.7796752452850342,0.7796752452850342,0.7796752452850342,0.7796752452850342,0.7796752452850342,0.7796752452850342
0.622769832611084,0.18684172630310059,0.18684172630310059,0.18684172630310059,0.18684172630310059,0.18684172630310059,0.18684172630310059,0.18684172630310059,0.18684172630310059,0.18684172630310059,0.18684172630310059,0.18684172630310059,0.18684172630310059,0.18684172630310059,0.18684172630310059,0.18684172630310059,0.18684172630310059,0.18684172630310059,0.18684172630310059,0.18684172630310059,0.18684172630310059
0.48270678520202637,0.48270678520202637,0.48270678520202637,0.48270678520202637,0.48270678520202637,0.48270678520202637,0.48270678520202637,0.48270678520202637,0.48270678520202637,0.48270678520202637,0.48270678520202637,0.48270678520202637,0.48270678520202637,0.48270678520202637,0.48270678520202637,0.48270678520202637,0.48270678520202637,0.48270678520202637,0.48270678520202637,0.48270678520202637,0.48270678520202637
2.412673234939575,1.963761568069458,1.963761568069458,1.1178009510040283,0.6580173969268799,0.6580173969268799,0.6580173969268799,0.6580173969268799,0.6580173969268799,0.6580173969268799,0.6580173969268799,0.6580173969268799,0.6580173969268799,0.6580173969268799,0.6580173969268799,0.6580173969268799,0.6580173969268799,0.6580173969268799,0.6580173969268799,0.6580173969268799,0.6580173969268799
0.5108823776245117,0.5144758224487305,0.5144758224487305,0.5144758224487305,0.5144758224487305,0.5144758224487305,0.5144758224487305,0.5144758224487305,0.5144758224487305,0.5144758224487305,0.5144758224487305,0.5144758224487305,0.5144758224487305,0.5144758224487305,0.5144758224487305,0.5144758224487305,0.5144758224487305,0.5144758224487305,0.5144758224487305,0.5144758224487305,0.5144758224487305
0.6515977382659912,0.6515977382659912,0.7820699214935303,1.5349533557891846,1.5349533557891846,1.5349533557891846,1.5349533557891846,1.5349533557891846,1.5349533557891846,1.5349533557891846,1.5349533557891846,1.5349533557891846,1.5349533557891846,1.5349533557891846,1.5349533557891846,1.5349533557891846,1.5349533557891846,1.5349533557891846,1.5349533557891846,1.5349533557891846,1.5349533557891846
0.4802975654602051,0.9620423316955566,0.9620423316955566,0.9620423316955566,0.9620423316955566,0.9620423316955566,0.9620423316955566,0.9620423316955566,0.9620423316955566,0.9620423316955566,0.9620423316955566,0.9620423316955566,0.9620423316955566,0.9620423316955566,0.9620423316955566,0.9620423316955566,0.9620423316955566,0.9620423316955566,0.9620423316955566,0.9620423316955566,0.9620423316955566
0.6539614200592041,0.6539614200592041,0.6539614200592041,0.6539614200592041,0.7193670272827148,0.7193670272827148,0.7193670272827148,0.7193670272827148,0.7193670272827148,0.7193670272827148,0.7193670272827148,0.7193670272827148,0.7193670272827148,0.7193670272827148,0.7193670272827148,0.7193670272827148,0.7193670272827148,0.7193670272827148,0.7193670272827148,0.7193670272827148,0.7193670272827148
0.17250776290893555,0.17250776290893555,0.17250776290893555,0.17250776290893555,0.17250776290893555,0.17250776290893555,0.17250776290893555,0.17250776290893555,0.17250776290893555,0.17250776290893555,0.17250776290893555,0.17250776290893555,0.17250776290893555,0.17250776290893555,0.17250776290893555,0.17250776290893555,0.17250776290893555,0.17250776290893555,0.17250776290893555,0.17250776290893555,0.17250776290893555
0.5485596656799316,0.5485596656799316,0.5485596656799316,0.5485596656799316,0.5485596656799316,0.5485596656799316,0.5485596656799316,0.5485596656799316,0.5485596656799316,0.5485596656799316,0.5485596656799316,0.5485596656799316,0.5485596656799316,0.5485596656799316,0.5485596656799316,0.5485596656799316,0.5485596656799316,0.5485596656799316,0.5485596656799316,0.5485596656799316,0.5485596656799316
0,0.4623537063598633,0.4623537063598633,0.4623537063598633,0.4623537063598633,0.4623537063598633,0.4623537063598633,0.4623537063598633,0.4623537063598633,0.4623537063598633,0.4623537063598633,0.4623537063598633,0.4623537063598633,0.4623537063598633,0.4623537063598633,0.4623537063598633,0.4623537063598633,0.4623537063598633,0.4623537063598633,0.4623537063598633,0.4623537063598633
0.5450539588928223,0.5450539588928223,0.5450539588928223,0.5450539588928223,0.5450539588928223,0.5450539588928223,0.5450539588928223,0.5450539588928223,0.5450539588928223,0.5450539588928223,0.5450539588928223,0.5450539588928223,0.5450539588928223,0.5450539588928223,0.5450539588928223,0.5450539588928223,0.5450539588928223,0.5450539588928223,0.5450539588928223,0.5450539588928223,0.5450539588928223
0.5653223991394043,0.7007720470428467,0.7007720470428467,0.7007720470428467,0.7007720470428467,1.7927870750427246,1.1130728721618652,1.1130728721618652,1.1130728721618652,1.1130728721618652,1.1130728721618652,1.1130728721618652,1.1130728721618652,1.1130728721618652,1.1130728721618652,1.1130728721618652,1.1130728721618652,1.1130728721618652,1.1130728721618652,1.1130728721618652,1.1130728721618652
0.39119911193847656,0.39119911193847656,0.39119911193847656,0.39119911193847656,0.39119911193847656,0.39119911193847656,0.39119911193847656,0.39119911193847656,0.39119911193847656,0.39119911193847656,0.39119911193847656,0.39119911193847656,0.39119911193847656,0.39119911193847656,0.39119911193847656,0.39119911193847656,0.39119911193847656,0.39119911193847656,0.39119911193847656,0.39119911193847656,0.39119911193847656
0.5350372791290283,0.5350372791290283,1.2990047931671143,2.1642086505889893,1.4485774040222168,1.1054503917694092,2.597057342529297,2.597057342529297,2.597057342529297,2.597057342529297,2.597057342529297,2.597057342529297,2.597057342529297,2.597057342529297,2.597057342529297,2.597057342529297,2.597057342529297,2.597057342529297,2.597057342529297,2.597057342529297,2.597057342529297
1.014589548110962,1.014589548110962,1.014589548110962,1.3859848976135254,1.0346240997314453,1.0346240997314453,1.0346240997314453,1.0346240997314453,1.0346240997314453,1.0346240997314453,1.0346240997314453,1.0346240997314453,1.0346240997314453,1.0346240997314453,1.0346240997314453,1.0346240997314453,1.0346240997314453,1.0346240997314453,1.0346240997314453,1.0346240997314453,1.0346240997314453
0.9562728404998779,0.9562728404998779,0.9562728404998779,0.9562728404998779,0.9562728404998779,0.9562728404998779,0.9562728404998779,0.9562728404998779,0.9562728404998779,0.9562728404998779,0.9562728404998779,0.9562728404998779,0.9562728404998779,0.9562728404998779,0.9562728404998779,0.9562728404998779,0.9562728404998779,0.9562728404998779,0.9562728404998779,0.9562728404998779,0.9562728404998779
0.7584056854248047,0.7584056854248047,0.7584056854248047,0.7584056854248047,0.7584056854248047,0.7584056854248047,0.7584056854248047,0.7584056854248047,0.7584056854248047,0.7584056854248047,0.7584056854248047,0.7584056854248047,0.7584056854248047,0.7584056854248047,0.7584056854248047,0.7584056854248047,0.7584056854248047,0.7584056854248047,0.7584056854248047,0.7584056854248047,0.7584056854248047
0.6992506980895996,0.6992506980895996,0.6992506980895996,0.7571005821228027,0.9855220317840576,0.9855220317840576,0.9855220317840576,0.9855220317840576,0.9855220317840576,0.9855220317840576,0.9855220317840576,0.9855220317840576,0.9855220317840576,0.9855220317840576,0.9855220317840576,0.9855220317840576,0.9855220317840576,0.9855220317840576,0.9855220317840576,0.9855220317840576,0.9855220317840576
0.6147770881652832,0.6147770881652832,1.1453285217285156,1.1453285217285156,0.7819335460662842,0.7819335460662842,0.7819335460662842,0.7819335460662842,0.7819335460662842,0.7819335460662842,0.7819335460662842,0.7819335460662842,0.7819335460662842,0.7819335460662842,0.7819335460662842,0.7819335460662842,0.7819335460662842,0.7819335460662842,0.7819335460662842,0.7819335460662842,0.7819335460662842
0.48253560066223145,0.48253560066223145,0.48253560066223145,0.48253560066223145,1.886634111404419,1.886634111404419,1.886634111404419,1.886634111404419,1.886634111404419,1.886634111404419,1.886634111404419,1.886634111404419,1.886634111404419,1.886634111404419,1.886634111404419,1.886634111404419,1.886634111404419,1.886634111404419,1.886634111404419,1.886634111404419,1.886634111404419
0.5227622985839844,0.5227622985839844,0.5227622985839844,0.818927526473999,1.312136173248291,1.312136173248291,1.312136173248291,1.312136173248291,1.312136173248291,1.312136173248291,1.312136173248291,1.312136173248291,1.312136173248291,1.312136173248291,1.312136173248291,1.312136173248291,1.312136173248291,1.312136173248291,1.312136173248291,1.312136173248291,1.312136173248291
0.5028932094573975,0.5028932094573975,1.1272966861724854,1.1272966861724854,2.736727714538574,2.736727714538574,2.736727714538574,2.736727714538574,2.736727714538574,2.736727714538574,2.736727714538574,2.736727714538574,2.736727714538574,2.736727714538574,2.736727714538574,2.736727714538574,2.736727714538574,2.736727714538574,2.736727714538574,2.736727714538574,2.736727714538574
0.46984171867370605,0.46984171867370605,0.46984171867370605,0.46984171867370605,0.46984171867370605,0.46984171867370605,0.46984171867370605,5.129268646240234,5.129268646240234,5.129268646240234,5.129268646240234,5.129268646240234,5.129268646240234,5.129268646240234,5.129268646240234,5.129268646240234,5.129268646240234,5.129268646240234,5.129268646240234,5.129268646240234,5.129268646240234
0.6600861549377441,0.6600861549377441,1.075469970703125,0.7323510646820068,1.3866631984710693,1.3866631984710693,1.3866631984710693,1.3866631984710693,1.3866631984710693,1.3866631984710693,1.3866631984710693,1.3866631984710693,1.3866631984710693,1.3866631984710693,1.3866631984710693,1.3866631984710693,1.3866631984710693,1.3866631984710693,1.3866631984710693,1.3866631984710693,1.3866631984710693
0.431851863861084,0.431851863861084,0.431851863861084,0.431851863861084,0.431851863861084,0.431851863861084,0.431851863861084,0.431851863861084,0.431851863861084,0.431851863861084,0.431851863861084,0.431851863861084,0.431851863861084,0.431851863861084,0.431851863861084,4.535389423370361,4.535389423370361,4.535389423370361,4.535389423370361,4.535389423370361,4.535389423370361
0.6451046466827393,0.6451046466827393,0.6451046466827393,0.9567484855651855,1.4565925598144531,1.4565925598144531,1.4565925598144531,1.4565925598144531,1.4565925598144531,1.4565925598144531,1.4565925598144531,1.4565925598144531,1.4565925598144531,1.4565925598144531,1.4565925598144531,1.4565925598144531,1.4565925598144531,1.4565925598144531,1.4565925598144531,1.4565925598144531,1.4565925598144531
0.5232722759246826,0.5232722759246826,0.5232722759246826,0.5232722759246826,0.5232722759246826,0.5232722759246826,0.5232722759246826,0.5232722759246826,0.5232722759246826,0.5232722759246826,0.5232722759246826,0.5232722759246826,0.5232722759246826,0.5232722759246826,0.5232722759246826,0.5232722759246826,0.5232722759246826,0.5232722759246826,0.5232722759246826,0.5232722759246826,0.5232722759246826
0.5512270927429199,0.5512270927429199,0.5512270927429199,0.5512270927429199,0.5512270927429199,0.5512270927429199,0.5512270927429199,1.3105137348175049,1.3105137348175049,1.3105137348175049,1.3105137348175049,1.3105137348175049,1.3105137348175049,1.3105137348175049,1.3105137348175049,1.3105137348175049,1.3105137348175049,1.3105137348175049,1.3105137348175049,1.3105137348175049,1.3105137348175049
0.6917343139648438,0.6917343139648438,0.6917343139648438,1.6118438243865967,2.807486057281494,2.2639963626861572,2.2639963626861572,2.2639963626861572,2.2639963626861572,2.2639963626861572,2.2639963626861572,2.2639963626861572,2.2639963626861572,2.2639963626861572,2.2639963626861572,2.2639963626861572,2.2639963626861572,2.2639963626861572,2.2639963626861572,2.2639963626861572,2.2639963626861572
1.1044979095458984,1.1044979095458984,1.8180935382843018,1.8180935382843018,1.8180935382843018,1.8180935382843018,1.8180935382843018,1.8180935382843018,1.8180935382843018,1.8180935382843018,1.8180935382843018,1.8180935382843018,1.8180935382843018,1.8180935382843018,1.8180935382843018,1.8180935382843018,1.8180935382843018,1.8180935382843018,1.8180935382843018,1.8180935382843018,1.8180935382843018
0.4305856227874756,0.4305856227874756,0.4305856227874756,0.4305856227874756,0.4305856227874756,0.4305856227874756,0.4305856227874756,3.0948941707611084,2.7180707454681396,2.7180707454681396,2.7180707454681396,2.7180707454681396,2.7180707454681396,2.7180707454681396,2.7180707454681396,2.7180707454681396,2.7180707454681396,2.7180707454681396,2.7180707454681396,2.7180707454681396,2.7180707454681396
0,0,0,0,0,0,0,0,0,0,0,0,0,0,0,0,0,0,0,0,0
0.4476947784423828,0.4476947784423828,0.4476947784423828,0.4476947784423828,0.4476947784423828,0.4476947784423828,0.4476947784423828,0.4476947784423828,0.4476947784423828,0.4476947784423828,0.4476947784423828,0.4476947784423828,0.4476947784423828,0.4476947784423828,0.4476947784423828,0.4476947784423828,0.4476947784423828,0.4476947784423828,0.4476947784423828,0.4476947784423828,0.4476947784423828
1.242737054824829,1.242737054824829,1.242737054824829,1.242737054824829,1.242737054824829,1.0692558288574219,1.5999934673309326,1.5999934673309326,1.5999934673309326,1.5999934673309326,1.5999934673309326,1.5999934673309326,1.5999934673309326,1.5999934673309326,1.5999934673309326,1.5999934673309326,1.5999934673309326,1.5999934673309326,1.5999934673309326,1.5999934673309326,1.5999934673309326
0.8162269592285156,0.7856278419494629,0.7856278419494629,0.7856278419494629,0.7856278419494629,0.7856278419494629,0.7856278419494629,0.7856278419494629,0.7856278419494629,0.7856278419494629,0.7856278419494629,0.7856278419494629,0.7856278419494629,0.7856278419494629,0.7856278419494629,0.7856278419494629,0.7856278419494629,0.7856278419494629,0.7856278419494629,0.7856278419494629,0.7856278419494629
0.7546727657318115,0.9104678630828857,0.9104678630828857,0.9104678630828857,0.9104678630828857,0.9104678630828857,0.9104678630828857,0.9104678630828857,0.9104678630828857,0.9104678630828857,0.9104678630828857,0.9104678630828857,0.9104678630828857,0.9104678630828857,0.9104678630828857,0.9104678630828857,0.9104678630828857,0.9104678630828857,0.9104678630828857,0.9104678630828857,0.9104678630828857
0.1589062213897705,0.1589062213897705,0.1589062213897705,0.1589062213897705,0.1589062213897705,0.1589062213897705,0.1589062213897705,0.1589062213897705,0.1589062213897705,0.1589062213897705,0.1589062213897705,0.1589062213897705,0.1589062213897705,0.1589062213897705,0.1589062213897705,0.1589062213897705,0.1589062213897705,0.1589062213897705,0.1589062213897705,0.1589062213897705,0.1589062213897705
0.43143367767333984,0.43143367767333984,0.43143367767333984,1.0741403102874756,1.0741403102874756,0.6962130069732666,0.6962130069732666,0.6962130069732666,0.6962130069732666,0.6962130069732666,0.6962130069732666,0.6962130069732666,0.6962130069732666,0.6962130069732666,0.6962130069732666,0.6962130069732666,0.6962130069732666,0.6962130069732666,0.6962130069732666,0.6962130069732666,0.6962130069732666
0.9000146389007568,0.7860987186431885,0.7860987186431885,1.246480941772461,1.246480941772461,0.9979236125946045,0.9979236125946045,0.9979236125946045,0.9979236125946045,0.9979236125946045,0.9979236125946045,0.9979236125946045,0.9979236125946045,0.9979236125946045,0.9979236125946045,0.9979236125946045,0.9979236125946045,0.9979236125946045,0.9979236125946045,0.9979236125946045,0.9979236125946045
0.7427566051483154,0.7427566051483154,1.4277472496032715,0.6773920059204102,0.8423874378204346,0.8423874378204346,0.8423874378204346,0.8423874378204346,0.8423874378204346,0.8423874378204346,0.8423874378204346,0.8423874378204346,0.8423874378204346,0.8423874378204346,0.8423874378204346,0.8423874378204346,0.8423874378204346,0.8423874378204346,0.8423874378204346,0.8423874378204346,0.8423874378204346
1.1974081993103027,0.31025147438049316,0.31025147438049316,0.31025147438049316,0.31025147438049316,0.31025147438049316,0.31025147438049316,0.31025147438049316,0.31025147438049316,0.31025147438049316,0.31025147438049316,0.31025147438049316,0.31025147438049316,0.31025147438049316,0.31025147438049316,0.31025147438049316,0.31025147438049316,0.31025147438049316,0.31025147438049316,0.31025147438049316,0.31025147438049316
0.693112850189209,0.3668663501739502,0.3668663501739502,0.3668663501739502,0.3668663501739502,0.3668663501739502,0.3668663501739502,0.3668663501739502,0.3668663501739502,0.3668663501739502,0.3668663501739502,0.3668663501739502,0.3668663501739502,0.3668663501739502,0.3668663501739502,0.3668663501739502,0.3668663501739502,0.3668663501739502,0.3668663501739502,0.3668663501739502,0.3668663501739502
0.54532790184021,0.54532790184021,0.4472692012786865,0.4472692012786865,0.4472692012786865,0.4472692012786865,0.4472692012786865,0.4472692012786865,0.4472692012786865,0.4472692012786865,0.4472692012786865,0.4472692012786865,0.4472692012786865,0.4472692012786865,0.4472692012786865,0.4472692012786865,0.4472692012786865,0.4472692012786865,0.4472692012786865,0.4472692012786865,0.4472692012786865
0.5652351379394531,0.5652351379394531,0.5652351379394531,0.5652351379394531,0.5652351379394531,0.5652351379394531,2.9000165462493896,2.9000165462493896,2.9000165462493896,2.9000165462493896,2.9000165462493896,2.9000165462493896,2.9000165462493896,2.9000165462493896,2.9000165462493896,2.9000165462493896,2.9000165462493896,2.9000165462493896,2.9000165462493896,2.9000165462493896,2.9000165462493896
0.4423539638519287,0.4423539638519287,0.4423539638519287,1.1762340068817139,2.188171148300171,2.4172561168670654,2.4172561168670654,2.4172561168670654,2.4172561168670654,2.4172561168670654,2.4172561168670654,2.4172561168670654,2.4172561168670654,2.4172561168670654,2.4172561168670654,2.4172561168670654,2.4172561168670654,2.4172561168670654,2.4172561168670654,2.4172561168670654,2.4172561168670654
0.8485026359558105,0.8485026359558105,1.2491662502288818,1.5192897319793701,1.5192897319793701,1.5192897319793701,1.5192897319793701,1.5192897319793701,1.5192897319793701,1.5192897319793701,1.5192897319793701,1.5192897319793701,1.5192897319793701,1.5192897319793701,1.5192897319793701,1.5192897319793701,1.5192897319793701,1.5192897319793701,1.5192897319793701,1.5192897319793701,1.5192897319793701
1.0747568607330322,1.0747568607330322,1.0747568607330322,1.0747568607330322,1.0747568607330322,1.0747568607330322,1.0747568607330322,1.0747568607330322,1.0747568607330322,1.0747568607330322,1.0747568607330322,1.0747568607330322,1.0747568607330322,1.0747568607330322,1.0747568607330322,1.0747568607330322,1.0747568607330322,1.0747568607330322,1.0747568607330322,1.0747568607330322,1.0747568607330322
0,0,0,0,0,0,0,0,0,0,0,0,0,0,0,0,0,0,0,0,0
0.4426589012145996,0.5518138408660889,0.5518138408660889,0.8157851696014404,1.363145112991333,1.9842588901519775,1.9842588901519775,1.9842588901519775,1.9842588901519775,1.9842588901519775,1.9842588901519775,1.9842588901519775,1.9842588901519775,1.9842588901519775,1.9842588901519775,1.9842588901519775,1.9842588901519775,1.9842588901519775,1.9842588901519775,1.9842588901519775,1.9842588901519775
0.6149227619171143,0.6149227619171143,0.6149227619171143,0.6149227619171143,0.6149227619171143,0.6149227619171143,0.6149227619171143,0.6149227619171143,0.6149227619171143,0.6149227619171143,0.6149227619171143,0.6149227619171143,0.6149227619171143,0.6149227619171143,0.6149227619171143,0.6149227619171143,0.6149227619171143,0.6149227619171143,0.6149227619171143,0.6149227619171143,0.6149227619171143
0.49315428733825684,0.49315428733825684,0.49315428733825684,0.49315428733825684,0.49315428733825684,0.49315428733825684,0.49315428733825684,0.49315428733825684,0.49315428733825684,0.49315428733825684,0.49315428733825684,0.49315428733825684,0.49315428733825684,0.49315428733825684,0.49315428733825684,0.49315428733825684,0.49315428733825684,0.49315428733825684,0.49315428733825684,0.49315428733825684,0.49315428733825684
0.9577622413635254,0.9577622413635254,0.9577622413635254,0.9577622413635254,0.9577622413635254,0.9577622413635254,0.9577622413635254,0.9577622413635254,0.9577622413635254,0.9577622413635254,0.9577622413635254,0.9577622413635254,0.9577622413635254,0.9577622413635254,0.9577622413635254,0.9577622413635254,0.9577622413635254,0.9577622413635254,0.9577622413635254,0.9577622413635254,0.9577622413635254
0.8192598819732666,0.8192598819732666,0.8192598819732666,0.8192598819732666,0.8192598819732666,0.8192598819732666,0.8192598819732666,0.8192598819732666,0.8192598819732666,0.8192598819732666,0.8192598819732666,0.8192598819732666,0.8192598819732666,0.8192598819732666,0.8192598819732666,0.8192598819732666,0.8192598819732666,0.8192598819732666,0.8192598819732666,0.8192598819732666,0.8192598819732666
0.39809274673461914,0.39809274673461914,0.39809274673461914,0.39809274673461914,0.39809274673461914,0.39809274673461914,0.39809274673461914,0.39809274673461914,0.39809274673461914,0.39809274673461914,0.39809274673461914,0.39809274673461914,0.39809274673461914,0.39809274673461914,0.39809274673461914,0.39809274673461914,0.39809274673461914,0.39809274673461914,0.39809274673461914,0.39809274673461914,0.39809274673461914
0.37203407287597656,0.37203407287597656,0.37203407287597656,0.37203407287597656,0.37203407287597656,1.308544397354126,1.1785941123962402,1.1785941123962402,1.1785941123962402,1.1785941123962402,1.1785941123962402,1.1785941123962402,1.1785941123962402,1.1785941123962402,1.1785941123962402,1.1785941123962402,1.1785941123962402,1.1785941123962402,1.1785941123962402,1.1785941123962402,1.1785941123962402
0.5992460250854492,0.5992460250854492,1.0861835479736328,1.0861835479736328,1.0861835479736328,1.3578801155090332,1.194655418395996,1.194655418395996,1.194655418395996,1.194655418395996,1.194655418395996,1.194655418395996,1.194655418395996,1.194655418395996,1.194655418395996,1.194655418395996,1.194655418395996,1.194655418395996,1.194655418395996,1.194655418395996,1.194655418395996
0.19948148727416992,0.19948148727416992,0.19948148727416992,0.19948148727416992,0.19948148727416992,0.19948148727416992,0.19948148727416992,0.19948148727416992,0.19948148727416992,0.19948148727416992,0.19948148727416992,0.19948148727416992,0.19948148727416992,0.19948148727416992,0.19948148727416992,0.19948148727416992,0.19948148727416992,0.19948148727416992,0.19948148727416992,0.19948148727416992,0.19948148727416992
0.6836733818054199,0.6836733818054199,0.6836733818054199,0.6836733818054199,0.6836733818054199,0.6836733818054199,0.6836733818054199,0.6836733818054199,0.6836733818054199,0.6836733818054199,0.6836733818054199,0.6836733818054199,0.6836733818054199,0.6836733818054199,0.6836733818054199,0.6836733818054199,0.6836733818054199,0.6836733818054199,0.6836733818054199,0.6836733818054199,0.6836733818054199
0.342937707901001,0.342937707901001,0.342937707901001,0.342937707901001,0.342937707901001,0.342937707901001,0.342937707901001,0.342937707901001,0.342937707901001,1.9106428623199463,1.9106428623199463,1.9106428623199463,1.9106428623199463,1.9106428623199463,1.9106428623199463,1.9106428623199463,1.9106428623199463,1.9106428623199463,1.9106428623199463,1.9106428623199463,1.9106428623199463
0.5079796314239502,0.5079796314239502,0.5079796314239502,0.5079796314239502,0.5079796314239502,0.7796571254730225,1.7891345024108887,1.7891345024108887,1.7891345024108887,1.7891345024108887,1.7891345024108887,1.7891345024108887,1.7891345024108887,1.7891345024108887,1.7891345024108887,1.7891345024108887,1.7891345024108887,1.7891345024108887,1.7891345024108887,1.7891345024108887,1.7891345024108887
0.5063660144805908,0.756542444229126,1.3322055339813232,1.326827049255371,1.3494558334350586,1.3494558334350586,1.3494558334350586,1.3494558334350586,1.3494558334350586,1.3494558334350586,1.3494558334350586,1.3494558334350586,1.3494558334350586,1.3494558334350586,1.3494558334350586,1.3494558334350586,1.3494558334350586,1.3494558334350586,1.3494558334350586,1.3494558334350586,1.3494558334350586
0.7506811618804932,0.45909643173217773,0.45909643173217773,0.45909643173217773,0.45909643173217773,0.45909643173217773,0.45909643173217773,0.45909643173217773,0.45909643173217773,0.45909643173217773,0.45909643173217773,0.45909643173217773,0.45909643173217773,0.45909643173217773,0.45909643173217773,0.45909643173217773,0.45909643173217773,0.45909643173217773,0.45909643173217773,0.45909643173217773,0.45909643173217773
0.6825911998748779,0.6825911998748779,1.0611639022827148,1.0611639022827148,1.0611639022827148,1.0611639022827148,1.0611639022827148,1.0611639022827148,1.0611639022827148,1.0611639022827148,1.0611639022827148,1.0611639022827148,1.0611639022827148,1.0611639022827148,1.0611639022827148,1.0611639022827148,1.0611639022827148,1.0611639022827148,1.0611639022827148,1.0611639022827148,1.0611639022827148
0.4847140312194824,0.4847140312194824,0.4847140312194824,0.4847140312194824,0.4847140312194824,0.4847140312194824,0.4847140312194824,0.4847140312194824,0.4847140312194824,0.4847140312194824,0.4847140312194824,0.4847140312194824,0.4847140312194824,0.4847140312194824,0.4847140312194824,0.4847140312194824,0.4847140312194824,0.4847140312194824,0.4847140312194824,0.4847140312194824,0.4847140312194824
0.6208877563476562,0.680504322052002,0.680504322052002,0.680504322052002,0.680504322052002,0.680504322052002,0.680504322052002,0.680504322052002,0.680504322052002,0.680504322052002,0.680504322052002,0.680504322052002,0.680504322052002,0.680504322052002,0.680504322052002,0.680504322052002,0.680504322052002,0.680504322052002,0.680504322052002,0.680504322052002,0.680504322052002
0.6905183792114258,0.6905183792114258,0.6905183792114258,0.6905183792114258,0.6905183792114258,0.6905183792114258,0.6905183792114258,0.6905183792114258,0.6905183792114258,0.6905183792114258,0.6905183792114258,0.6905183792114258,0.6905183792114258,0.6905183792114258,0.6905183792114258,0.6905183792114258,0.6905183792114258,0.6905183792114258,0.6905183792114258,0.6905183792114258,0.6905183792114258
0.45514965057373047,0.45514965057373047,0.45514965057373047,0.45514965057373047,0.45514965057373047,1.545360803604126,1.2641632556915283,1.2641632556915283,1.2641632556915283,1.2641632556915283,1.2641632556915283,1.2641632556915283,1.2641632556915283,1.2641632556915283,1.2641632556915283,1.2641632556915283,1.2641632556915283,1.2641632556915283,1.2641632556915283,1.2641632556915283,1.2641632556915283
0.41708993911743164,0.41708993911743164,0.41708993911743164,0.41708993911743164,0.41708993911743164,0.41708993911743164,0.41708993911743164,0.41708993911743164,0.41708993911743164,0.41708993911743164,0.41708993911743164,0.41708993911743164,0.41708993911743164,0.41708993911743164,0.41708993911743164,0.41708993911743164,0.41708993911743164,0.41708993911743164,0.41708993911743164,0.41708993911743164,0.41708993911743164
